# This file may be used to create an environment using:
# $ conda create --name <env> --file <this file>
# platform: win-64
asttokens=3.0.0=pyhd8ed1ab_1
bzip2=1.0.8=h2466b09_7
ca-certificates=2024.12.14=h56e8100_0
colorama=0.4.6=pyhd8ed1ab_1
comm=0.2.2=pyhd8ed1ab_1
debugpy=1.8.11=py311hda3d55a_0
decorator=5.1.1=pyhd8ed1ab_1
exceptiongroup=1.2.2=pyhd8ed1ab_1
executing=2.1.0=pyhd8ed1ab_1
importlib-metadata=8.5.0=pyha770c72_1
ipykernel=6.29.5=pyh4bbf305_0
ipython=8.31.0=pyh7428d3b_0
jedi=0.19.2=pyhd8ed1ab_1
jupyter_client=8.6.3=pyhd8ed1ab_1
jupyter_core=5.7.2=py311h1ea47a8_0
krb5=1.21.3=hdf4eb48_0
libexpat=2.6.4=he0c23c2_0
libffi=3.4.2=h8ffe710_5
liblzma=5.6.3=h2466b09_1
libsodium=1.0.20=hc70643c_0
libsqlite=3.47.2=h67fdade_0
libzlib=1.3.1=h2466b09_2
matplotlib-inline=0.1.7=pyhd8ed1ab_1
nest-asyncio=1.6.0=pyhd8ed1ab_1
openssl=3.4.0=ha4e3fda_1
packaging=24.2=pyhd8ed1ab_2
parso=0.8.4=pyhd8ed1ab_1
pickleshare=0.7.5=pyhd8ed1ab_1004
pip=24.3.1=pyh8b19718_2
platformdirs=4.3.6=pyhd8ed1ab_1
prompt-toolkit=3.0.48=pyha770c72_1
psutil=6.1.1=py311he736701_0
pure_eval=0.2.3=pyhd8ed1ab_1
pygments=2.19.1=pyhd8ed1ab_0
python=3.11.11=h3f84c4b_1_cpython
python-dateutil=2.9.0.post0=pyhff2d567_1
python_abi=3.11=5_cp311
pywin32=307=py311hda3d55a_3
pyzmq=26.2.0=py311h484c95c_3
setuptools=75.8.0=pyhff2d567_0
six=1.17.0=pyhd8ed1ab_0
stack_data=0.6.3=pyhd8ed1ab_1
tk=8.6.13=h5226925_1
tornado=6.4.2=py311he736701_0
traitlets=5.14.3=pyhd8ed1ab_1
typing_extensions=4.12.2=pyha770c72_1
tzdata=2024b=hc8b5060_0
ucrt=10.0.22621.0=h57928b3_1
vc=14.3=ha32ba9b_23
vc14_runtime=14.42.34433=he29a5d6_23
vs2015_runtime=14.42.34433=hdffcdeb_23
wcwidth=0.2.13=pyhd8ed1ab_1
wheel=0.45.1=pyhd8ed1ab_1
zeromq=4.3.5=ha9f60a1_7
zipp=3.21.0=pyhd8ed1ab_1
